start=151.267000
volume=85.000000
