start=99.499000
volume=55.000000
aid=2
sid=2
