start=368.402000
volume=110.000000
