start=104.146000
volume=100.000000
