start=15.967000
volume=84.000000
