start=1700.617000
volume=80.000000
