start=95.311000
volume=100.000000
aid=1
