start=226.400000
volume=100.000000
