start=34.707000
volume=92.000000
