start=17.633000
volume=95.000000
