start=146.021000
volume=95.000000
