start=8.618635
volume=130.000000
