start=27.166000
volume=70.000000
