start=101.167733
pause=yes
volume=62.000000
