start=157.991000
volume=82.000000
fullscreen=yes
