start=709.857000
volume=130.000000
