start=7.324000
volume=72.000000
