start=51.080000
pause=yes
volume=90.000000
