start=485.819000
volume=130.000000
