start=3.920000
volume=100.000000
