start=138.605000
volume=100.000000
