start=4.402710
volume=130.000000
