start=1295.544000
volume=120.000000
aid=2
sid=2
