start=353.929048
volume=100.000000
