start=509.390000
volume=88.000000
