start=276.480000
volume=80.000000
