start=1225.933000
volume=125.000000
aid=2
sid=2
