start=68.479000
volume=81.000000
