start=2139.415240
volume=102.000000
