start=608.500000
pause=yes
volume=100.000000
