start=71.901509
volume=130.000000
