start=353.519000
volume=60.000000
fullscreen=yes
sid=1
