start=1476.408000
pause=yes
volume=96.000000
