start=825.433000
volume=130.000000
sub-ass-override=no
