start=530.321000
volume=100.000000
aid=1
