start=1491.031208
volume=100.000000
