start=772.667000
volume=100.000000
