start=92.892000
volume=100.000000
