start=642.175000
volume=100.000000
