start=124.300000
volume=130.000000
