start=61.760000
volume=55.000000
