start=915.931000
volume=130.000000
