start=7.966667
ab-loop-a=0.433333
ab-loop-b=10.066667
