start=72.440000
volume=90.000000
