start=825.358000
pause=yes
volume=100.000000
