start=1922.170250
volume=95.000000
