start=97.708289
volume=130.000000
