start=554.016000
volume=105.000000
