start=12.378495
volume=130.000000
