start=89.718334
volume=130.000000
