start=31.800000
volume=75.000000
