start=243.299333
volume=92.000000
