start=622.278257
volume=130.000000
