start=26.657000
volume=100.000000
