start=31.266000
volume=100.000000
