start=20.133000
volume=64.000000
