start=1598.080838
pause=yes
volume=100.000000
