start=5.210090
pause=yes
volume=75.000000
sid=1
