start=150.080000
pause=yes
volume=105.000000
