start=5.533000
volume=95.000000
