start=384.105741
volume=130.000000
