start=22.266000
volume=70.000000
