start=145.720000
volume=100.000000
