start=89.720000
volume=80.000000
