start=57.000000
volume=75.000000
