start=3.758702
pause=yes
volume=86.000000
