start=19.750000
pause=yes
volume=95.000000
