start=1440.189000
pause=yes
volume=100.000000
sid=1
