start=25.566000
volume=100.000000
