start=288.324000
volume=95.000000
