start=178.919000
volume=75.000000
