start=203.937000
volume=105.000000
