start=214.014000
volume=100.000000
