start=10.034000
volume=85.000000
