start=799.540000
volume=85.000000
sid=1
