start=1336.669000
volume=95.000000
