start=369.433333
volume=100.000000
