start=3.100000
pause=yes
volume=35.000000
