start=1084.292000
volume=100.000000
fullscreen=yes
