start=3.540000
volume=90.000000
