start=3.019683
volume=100.000000
