start=1188.200000
volume=70.000000
sid=1
