start=613.333000
volume=65.000000
