start=78.440000
pause=yes
volume=0.000000
