start=1291.749000
volume=130.000000
aid=2
sid=2
