start=9.657322
volume=108.000000
