start=12.854000
volume=100.000000
