start=240.200000
volume=100.000000
