start=80.966000
volume=100.000000
