start=36.369667
volume=100.000000
