start=24.457000
volume=78.000000
