start=79.166000
volume=75.000000
