start=199.414098
volume=130.000000
