start=121.659543
volume=100.000000
