start=2.920000
volume=92.000000
