start=158.784871
volume=130.000000
