start=1249.330920
volume=130.000000
sid=1
