start=767.188249
pause=yes
volume=100.000000
