start=509.300000
volume=85.000000
