start=0.934000
volume=80.000000
