start=96.029000
volume=80.000000
