start=42.042000
volume=114.000000
