start=34.869000
pause=yes
volume=100.000000
