start=391.560000
volume=75.000000
